500
1,800
2,000
2,000
1,800
1,800
1,800
2,000
2,800
1,000
1,000
1,600
1,600
1,200
1,400
1,200
1,200
500
500
2,000
1,500
1,200
1,000
1,500
3,000
3,000
2,400
1,500
500
500
1,000
250
1,500
1,500
1,500
1,200
1,200
1,500
1,500
1,500
1,500
1,500
500
1,500
500
2,500
1,500
1,200
4,000
500
1,500
1,000
1,000
1,000
1,200
1,500
1,200
1,000
5,000
1,500
1,500
1,500
1,500
1,700
2,900
2,400
1,500
1,000
1,500
1,000
1,000
1,000
3,800
1,500
800
800
500
2,000
2,000
2,000
1,700
1,700
500
1,500
1,500
1,000
1,200
1,500
1,500
1,500
1,500
1,500
1,500
1,500
1,500
1,500
1,500
1,500
1,500
1,500
1,500
1,500
500
1,400
1,400
1,400
1,400
1,500
1,500
1,500
2,500
500
1,500
1,500
1,500
1,000
1,500
500
1,500
1,500
5,000
1,400
1,400
2,000
2,000
1,200
1,500
2,000
2,000
3,400
1,200
3,000
1,200
2,000
3,400
3,400
1,000
1,000
1,000
2,500
2,500
1,500
1,500
3,800
1,500
1,500
3,000
2,000
1,200
1,500
2,500
2,000
2,000
2,500
1,500
2,500
900
1,200
3,800
3,000
3,000
3,000