5000
1300
2500
5000
5000
2000
2000
2000
1300
1200
1200
3500
1700
1700
800
1200
1200
1500
1500
1500
1500
1500
1500
1600
2000
2500
1500
1300
1200
1200
1300
1300
1800
1800
1800
1800
1500
1300
1300
2300
2300
2300
1300
1900
1900
1900
1900
1900
1300
1500
1500
1800
1800
2000
2000
2300
2300
2300
2300
1800
1800
1800
1800
1800
1800
1500
1500
1500
1500
1500
1500
1600
1900
1900
1200
1200
2100
2100
2100
2000
2000
1500
1500
1500
1500
1500
1700
1700
1700
2500
2500
1900
1900
1900
1900
1900
1800
1800
1000
2900
2900
2900
2200
2200
2200
1200
1500
1500
1600
1800
1500
900
1100
1100
1800
1300
1300
1000
1000
1000
1600
1600
1600
1300
1300
3000
3000
3000
1500
1500
1000
1000
1700
1700
1700
800
800
800
2500
2500
1100
1100
1100
2900
2900
2900
2500
1200
1500
1500
1300
4000
1200
1000
1000
1400
1300
1300
1500
1500
1900
2000
1500
4500
4500
2500
2500
1100
1000
2300
2300
1000
2000
2000
900
1700
1300
1400
1200
1350
1900
850
1550
1000
1000
4500
4000
1000
1000
1200
1000
1000
1000
1000
1300