1100
1100
1000
1000
1100
800
2500
2500
2500
2500
2000
2000
2000
2000
1300
1300
1300
1000
500
500
500
800
1000
1000
1000
1000
1000
1000
1000
1200
2000
2000
1400
1400
1400
1400
1500
1500
1500
1500
1500
1500
1500
1500
1500
1500
1500
1500
1500
2400
3000
3000
3000
4400
1000
1000
1000
800
800
1000
1500
1500
1500
1500
1500
1500
700
700
1200
1200
1500
1200
1200
500
1000
1000
700
500
500
500
3000
3000
3300
3300
1500
1500
1500
1500
500
500
900
1000
1000
1500
1500
1500
1500
1200
1500
1200
2500
1500
1500
1500
3300
3300
3300
3300
3300
3400
3400
3400
600
2000
2400
2000
2000
2900
1500
1500
1700
1700
1500
1500
500
500
250
5000