1000
1800
1500
1600
2000
1700
5000
2800
1200
700
900
1200
1000
1800
1300
800
1500
1800
1800
1000
1300
1000
1500
2000
1000
1000
1100
1000
2600
1550
850
4500
4000
900
800
5000
800
700
1500
2000
1100
4000
1200
5000
6000
1000
1200
800
1200
1500
1500
2500
1400
1800
750
1500
1000
800
1100
2000
1800
1300
1000
1300
2200
2500
2500
2900
1100
1200
1500
1300
2200
2900
1400
1300
1200
1000
1300
1200
800
1800
2000
1900
1400
1200
2000
1900
2900
1900
1600
1500
1200
1200
1000
1700
1000
1000
1500
2500
2300
1500
2300
1500
1900
1800
1500
1900
1300
1800
1600
1900
1800
1600